5 0 4 5 -0.00941325 -0.03 
5 0 4 5 -0.0094091 -0.03 
5 0 5 5 -0.00940496 -0.03 
5 0 5 5 -0.00940082 -0.03 
5 0 5 5 -0.00939667 -0.03 
5 0 5 5 -0.00939253 -0.03 
5 0 5 5 -0.00938839 -0.03 
5 0 5 5 -0.00938424 -0.03 
5 0 5 5 -0.0093801 -0.03 
5 0 5 5 -0.00937596 -0.03 
5 0 5 5 -0.00937181 -0.03 
5 1 5 5 -0.00936767 -0.03 
5 1 5 5 -0.00936353 -0.03 
5 1 5 5 -0.00935938 -0.03 
5 1 5 5 -0.00935524 -0.03 
5 1 5 5 -0.00935109 -0.03 
5 1 5 5 -0.00934695 -0.03 
5 1 5 5 -0.00934281 -0.03 
5 1 5 5 -0.00933866 -0.03 
5 1 5 5 -0.00933452 -0.03 
5 2 5 5 -0.00933038 -0.03 
5 2 5 5 -0.00932623 -0.03 
5 2 5 5 -0.00932209 -0.03 
5 2 5 5 -0.00931795 -0.03 
5 2 5 5 -0.0093138 -0.03 
5 2 5 5 -0.00930966 -0.03 
5 2 5 5 -0.00930552 -0.03 
5 2 5 5 -0.00930137 -0.03 
5 2 5 5 -0.00929723 -0.03 
5 4 5 5 -0.00929308 -0.03 
5 4 5 5 -0.00928894 -0.03 
5 4 5 5 -0.0092848 -0.03 
5 4 5 5 -0.00928065 -0.03 
5 4 5 5 -0.00927651 -0.03 
5 4 5 5 -0.00927237 -0.03 
5 4 5 5 -0.00926822 -0.03 
5 4 5 5 -0.00926408 -0.03 
5 4 5 5 -0.00925994 -0.03 
5 4 5 5 -0.00925579 -0.03 
5 4 5 0 -0.0201977 -0.03 
5 4 5 0 -0.0202149 -0.03 
5 4 5 0 -0.0202322 -0.03 
5 5 5 0 -0.0202495 -0.03 
5 5 5 0 -0.0202667 -0.03 
5 5 5 0 -0.020284 -0.03 
5 5 5 0 -0.0203013 -0.03 
5 5 5 0 -0.0203186 -0.03 
5 5 5 0 -0.0203358 -0.03 
5 5 5 0 -0.0203531 -0.03 
5 5 5 0 -0.0203704 -0.03 
5 5 5 0 -0.0203876 -0.03 
5 5 5 1 -0.0204049 -0.03 
5 5 5 1 -0.0204222 -0.03 
5 5 5 1 -0.0204394 -0.03 
5 5 5 1 -0.0204567 -0.03 
5 5 5 1 -0.020474 -0.03 
5 5 5 1 -0.0204912 -0.03 
5 5 5 1 -0.0205085 -0.03 
5 5 5 1 -0.0205258 -0.03 
5 5 5 1 -0.020543 -0.03 
5 5 5 2 -0.0205603 -0.03 
5 5 5 2 -0.0205776 -0.03 
5 5 5 2 -0.0205948 -0.03 
5 5 5 2 -0.0206121 -0.03 
5 5 5 2 -0.0206294 -0.03 
5 5 5 2 -0.0206466 -0.03 
5 5 5 2 -0.0206639 -0.03 
5 5 5 2 -0.0206812 -0.03 
5 5 5 2 -0.0206984 -0.03 
5 5 5 4 -0.0207157 -0.03 
5 5 5 4 -0.020733 -0.03 
5 5 5 4 -0.0207502 -0.03 
5 5 5 4 -0.0207675 -0.03 
5 5 5 4 -0.0207848 -0.03 
5 5 5 4 -0.020802 -0.03 
5 5 5 4 -0.0208193 -0.03 
5 5 5 4 -0.0208366 -0.03 
5 5 5 4 -0.0208538 -0.03 
5 5 5 4 -0.0208711 -0.03 
0 5 5 4 -0.0285125 -0.0285125 
0 5 5 4 -0.0270975 -0.0270975 
0 5 5 4 -0.0257551 -0.0257551 
0 5 5 5 -0.0244853 -0.0244853 
0 5 5 5 -0.023288 -0.023288 
0 5 5 5 -0.0221633 -0.0221633 
0 5 5 5 -0.0211111 -0.0211111 
0 5 5 5 -0.0201315 -0.0201315 
0 5 5 5 -0.0192245 -0.0192245 
0 5 5 5 -0.01839 -0.01839 
0 5 5 5 -0.0176281 -0.0176281 
0 5 5 5 -0.0169388 -0.0169388 
1 5 5 5 -0.016322 -0.016322 
1 5 5 5 -0.0157778 -0.0157778 
1 5 5 5 -0.0153061 -0.0153061 
1 5 5 5 -0.014907 -0.014907 
1 5 5 5 -0.0145805 -0.0145805 
1 5 5 5 -0.0143265 -0.0143265 
1 5 5 5 -0.0141451 -0.0141451 
1 5 5 5 -0.0140363 -0.0140363 
1 5 5 5 -0.014 -0.014 
2 5 5 5 -0.0157778 -0.0157778 
2 5 5 5 -0.0175556 -0.0175556 
2 5 5 5 -0.0193333 -0.0193333 
2 5 5 5 -0.0211111 -0.0211111 
2 5 5 5 -0.0228889 -0.0228889 
2 5 5 5 -0.0246667 -0.0246667 
2 5 5 5 -0.0264444 -0.0264444 
2 5 5 5 -0.0282222 -0.0282222 
2 5 5 5 -0.03 -0.03 
4 5 5 5 -0.03 -0.03 
4 5 5 5 -0.03 -0.03 
4 5 5 5 -0.03 -0.03 
4 5 5 5 -0.03 -0.03 
4 5 5 5 -0.03 -0.03 
4 5 5 5 -0.03 -0.03 
4 5 5 5 -0.03 -0.03 
4 5 5 5 -0.03 -0.03 
4 5 5 5 -0.03 -0.03 
4 5 5 5 -0.03 -0.03 
4 5 0 5 -0.0137216 -0.03 
4 5 0 5 -0.0137233 -0.03 
4 5 0 5 -0.013725 -0.03 
5 5 0 5 -0.0137268 -0.03 
5 5 0 5 -0.0137285 -0.03 
5 5 0 5 -0.0137302 -0.03 
5 5 0 5 -0.0137319 -0.03 
5 5 0 5 -0.0137337 -0.03 
5 5 0 5 -0.0137354 -0.03 
5 5 0 5 -0.0137371 -0.03 
5 5 0 5 -0.0137388 -0.03 
5 5 0 5 -0.0137406 -0.03 
5 5 1 5 -0.0137423 -0.03 
5 5 1 5 -0.013744 -0.03 
5 5 1 5 -0.0137457 -0.03 
5 5 1 5 -0.0137475 -0.03 
5 5 1 5 -0.0137492 -0.03 
5 5 1 5 -0.0137509 -0.03 
5 5 1 5 -0.0137526 -0.03 
5 5 1 5 -0.0137544 -0.03 
5 5 1 5 -0.0137561 -0.03 
5 5 2 5 -0.0137578 -0.03 
5 5 2 5 -0.0137595 -0.03 
5 5 2 5 -0.0137613 -0.03 
5 5 2 5 -0.013763 -0.03 
5 5 2 5 -0.0137647 -0.03 
5 5 2 5 -0.0137664 -0.03 
5 5 2 5 -0.0137682 -0.03 
5 5 2 5 -0.0137699 -0.03 
5 5 2 5 -0.0137716 -0.03 
5 5 4 5 -0.0137733 -0.03 
5 5 4 5 -0.0137751 -0.03 
5 5 4 5 -0.0137768 -0.03 
5 5 4 5 -0.0137785 -0.03 
5 5 4 5 -0.0137802 -0.03 
5 5 4 5 -0.013782 -0.03 
5 5 4 5 -0.0137837 -0.03 
5 5 4 5 -0.0137854 -0.03 
5 5 4 5 -0.0137871 -0.03 
5 5 4 5 -0.0137889 -0.03 
5 0 4 5 -0.00977533 -0.03 
5 0 4 5 -0.00977118 -0.03 
5 0 4 5 -0.00976704 -0.03 
5 0 5 5 -0.00976289 -0.03 
5 0 5 5 -0.00975875 -0.03 
5 0 5 5 -0.00975461 -0.03 
5 0 5 5 -0.00975046 -0.03 
5 0 5 5 -0.00974632 -0.03 
5 0 5 5 -0.00974218 -0.03 
5 0 5 5 -0.00973803 -0.03 
5 0 5 5 -0.00973389 -0.03 
5 0 5 5 -0.00972975 -0.03 
5 1 5 5 -0.0097256 -0.03 
5 1 5 5 -0.00972146 -0.03 
5 1 5 5 -0.00971732 -0.03 
5 1 5 5 -0.00971317 -0.03 
5 1 5 5 -0.00970903 -0.03 
5 1 5 5 -0.00970489 -0.03 
5 1 5 5 -0.00970074 -0.03 
5 1 5 5 -0.0096966 -0.03 
5 1 5 5 -0.00969245 -0.03 
5 2 5 5 -0.00968831 -0.03 
5 2 5 5 -0.00968417 -0.03 
5 2 5 5 -0.00968002 -0.03 
5 2 5 5 -0.00967588 -0.03 
5 2 5 5 -0.00967174 -0.03 
5 2 5 5 -0.00966759 -0.03 
5 2 5 5 -0.00966345 -0.03 
5 2 5 5 -0.00965931 -0.03 
5 2 5 5 -0.00965516 -0.03 
5 4 5 5 -0.00965102 -0.03 
5 4 5 5 -0.00964688 -0.03 
5 4 5 5 -0.00964273 -0.03 
5 4 5 5 -0.00963859 -0.03 
5 4 5 5 -0.00963445 -0.03 
5 4 5 5 -0.0096303 -0.03 
5 4 5 5 -0.00962616 -0.03 
5 4 5 5 -0.00962201 -0.03 
5 4 5 5 -0.00961787 -0.03 
5 4 5 5 -0.00961373 -0.03 
5 4 5 0 -0.0204039 -0.03 
5 4 5 0 -0.0204212 -0.03 
5 4 5 0 -0.0204385 -0.03 
5 5 5 0 -0.0204557 -0.03 
5 5 5 0 -0.020473 -0.03 
5 5 5 0 -0.0204903 -0.03 
5 5 5 0 -0.0205075 -0.03 
5 5 5 0 -0.0205248 -0.03 
5 5 5 0 -0.0205421 -0.03 
5 5 5 0 -0.0205593 -0.03 
5 5 5 0 -0.0205766 -0.03 
5 5 5 0 -0.0205939 -0.03 
5 5 5 1 -0.0206111 -0.03 
5 5 5 1 -0.0206284 -0.03 
5 5 5 1 -0.0206457 -0.03 
5 5 5 1 -0.020663 -0.03 
5 5 5 1 -0.0206802 -0.03 
5 5 5 1 -0.0206975 -0.03 
5 5 5 1 -0.0207148 -0.03 
5 5 5 1 -0.020732 -0.03 
5 5 5 1 -0.0207493 -0.03 
5 5 5 2 -0.0207666 -0.03 
5 5 5 2 -0.0207838 -0.03 
5 5 5 2 -0.0208011 -0.03 
5 5 5 2 -0.0208184 -0.03 
5 5 5 2 -0.0208356 -0.03 
5 5 5 2 -0.0208529 -0.03 
5 5 5 2 -0.0208702 -0.03 
5 5 5 2 -0.0208874 -0.03 
5 5 5 2 -0.0209047 -0.03 
5 5 5 4 -0.020922 -0.03 
5 5 5 4 -0.0209392 -0.03 
5 5 5 4 -0.0209565 -0.03 
5 5 5 4 -0.0209738 -0.03 
5 5 5 4 -0.020991 -0.03 
5 5 5 4 -0.0210083 -0.03 
5 5 5 4 -0.0210256 -0.03 
5 5 5 4 -0.0210428 -0.03 
5 5 5 4 -0.0210601 -0.03 
5 5 5 4 -0.0210774 -0.03 
0 5 5 4 -0.0285125 -0.0285125 
0 5 5 4 -0.0270975 -0.0270975 
0 5 5 4 -0.0257551 -0.0257551 
0 5 5 5 -0.0244853 -0.0244853 
0 5 5 5 -0.023288 -0.023288 
0 5 5 5 -0.0221633 -0.0221633 
0 5 5 5 -0.0211111 -0.0211111 
0 5 5 5 -0.0201315 -0.0201315 
0 5 5 5 -0.0192245 -0.0192245 
0 5 5 5 -0.01839 -0.01839 
0 5 5 5 -0.0176281 -0.0176281 
0 5 5 5 -0.0169388 -0.0169388 
1 5 5 5 -0.016322 -0.016322 
1 5 5 5 -0.0157778 -0.0157778 
1 5 5 5 -0.0153061 -0.0153061 
1 5 5 5 -0.014907 -0.014907 
1 5 5 5 -0.0145805 -0.0145805 
1 5 5 5 -0.0143265 -0.0143265 
1 5 5 5 -0.0141451 -0.0141451 
1 5 5 5 -0.0140363 -0.0140363 
1 5 5 5 -0.014 -0.014 
2 5 5 5 -0.0157778 -0.0157778 
2 5 5 5 -0.0175556 -0.0175556 
2 5 5 5 -0.0193333 -0.0193333 
2 5 5 5 -0.0211111 -0.0211111 
2 5 5 5 -0.0228889 -0.0228889 
2 5 5 5 -0.0246667 -0.0246667 
2 5 5 5 -0.0264444 -0.0264444 
2 5 5 5 -0.0282222 -0.0282222 
2 5 5 5 -0.03 -0.03 
4 5 5 5 -0.03 -0.03 
4 5 5 5 -0.03 -0.03 
4 5 5 5 -0.03 -0.03 
4 5 5 5 -0.03 -0.03 
4 5 5 5 -0.03 -0.03 
4 5 5 5 -0.03 -0.03 
4 5 5 5 -0.03 -0.03 
4 5 5 5 -0.03 -0.03 
4 5 5 5 -0.03 -0.03 
4 5 5 5 -0.03 -0.03 
4 5 0 5 -0.0137216 -0.03 
4 5 0 5 -0.0137233 -0.03 
4 5 0 5 -0.013725 -0.03 
5 5 0 5 -0.0137268 -0.03 
5 5 0 5 -0.0137285 -0.03 
5 5 0 5 -0.0137302 -0.03 
5 5 0 5 -0.0137319 -0.03 
5 5 0 5 -0.0137337 -0.03 
5 5 0 5 -0.0137354 -0.03 
5 5 0 5 -0.0137371 -0.03 
5 5 0 5 -0.0137388 -0.03 
5 5 0 5 -0.0137406 -0.03 
5 5 1 5 -0.0137423 -0.03 
5 5 1 5 -0.013744 -0.03 
5 5 1 5 -0.0137457 -0.03 
5 5 1 5 -0.0137475 -0.03 
5 5 1 5 -0.0137492 -0.03 
5 5 1 5 -0.0137509 -0.03 
5 5 1 5 -0.0137526 -0.03 
5 5 1 5 -0.0137544 -0.03 
5 5 1 5 -0.0137561 -0.03 
5 5 2 5 -0.0137578 -0.03 
5 5 2 5 -0.0137595 -0.03 
5 5 2 5 -0.0137613 -0.03 
5 5 2 5 -0.013763 -0.03 
5 5 2 5 -0.0137647 -0.03 
5 5 2 5 -0.0137664 -0.03 
5 5 2 5 -0.0137682 -0.03 
5 5 2 5 -0.0137699 -0.03 
5 5 2 5 -0.0137716 -0.03 
5 5 4 5 -0.0137733 -0.03 
5 5 4 5 -0.0137751 -0.03 
5 5 4 5 -0.0137768 -0.03 
5 5 4 5 -0.0137785 -0.03 
5 5 4 5 -0.0137802 -0.03 
5 5 4 5 -0.013782 -0.03 
5 5 4 5 -0.0137837 -0.03 
5 5 4 5 -0.0137854 -0.03 
5 5 4 5 -0.0137871 -0.03 
5 5 4 5 -0.0137889 -0.03 
5 0 4 5 -0.00977533 -0.03 
5 0 4 5 -0.00977119 -0.03 
5 0 4 5 -0.00976704 -0.03 
5 0 5 5 -0.0097629 -0.03 
5 0 5 5 -0.00975876 -0.03 
5 0 5 5 -0.00975461 -0.03 
5 0 5 5 -0.00975047 -0.03 
5 0 5 5 -0.00974632 -0.03 
5 0 5 5 -0.00974218 -0.03 
5 0 5 5 -0.00973804 -0.03 
5 0 5 5 -0.00973389 -0.03 
5 0 5 5 -0.00972975 -0.03 
5 1 5 5 -0.00972561 -0.03 
5 1 5 5 -0.00972146 -0.03 
5 1 5 5 -0.00971732 -0.03 
5 1 5 5 -0.00971318 -0.03 
5 1 5 5 -0.00970903 -0.03 
5 1 5 5 -0.00970489 -0.03 
5 1 5 5 -0.00970075 -0.03 
5 1 5 5 -0.0096966 -0.03 
5 1 5 5 -0.00969246 -0.03 
5 2 5 5 -0.00968831 -0.03 
5 2 5 5 -0.00968417 -0.03 
5 2 5 5 -0.00968003 -0.03 
5 2 5 5 -0.00967588 -0.03 
5 2 5 5 -0.00967174 -0.03 
5 2 5 5 -0.0096676 -0.03 
5 2 5 5 -0.00966345 -0.03 
5 2 5 5 -0.00965931 -0.03 
5 2 5 5 -0.00965517 -0.03 
5 4 5 5 -0.00965102 -0.03 
5 4 5 5 -0.00964688 -0.03 
5 4 5 5 -0.00964274 -0.03 
5 4 5 5 -0.00963859 -0.03 
5 4 5 5 -0.00963445 -0.03 
5 4 5 5 -0.00963031 -0.03 
5 4 5 5 -0.00962616 -0.03 
5 4 5 5 -0.00962202 -0.03 
5 4 5 5 -0.00961787 -0.03 
5 4 5 5 -0.00961373 -0.03 
5 4 5 0 -0.0204039 -0.03 
5 4 5 0 -0.0204212 -0.03 
5 4 5 0 -0.0204385 -0.03 
5 5 5 0 -0.0204557 -0.03 
5 5 5 0 -0.020473 -0.03 
5 5 5 0 -0.0204903 -0.03 
5 5 5 0 -0.0205075 -0.03 
5 5 5 0 -0.0205248 -0.03 
5 5 5 0 -0.0205421 -0.03 
5 5 5 0 -0.0205593 -0.03 
5 5 5 0 -0.0205766 -0.03 
5 5 5 0 -0.0205939 -0.03 
5 5 5 1 -0.0206111 -0.03 
5 5 5 1 -0.0206284 -0.03 
5 5 5 1 -0.0206457 -0.03 
5 5 5 1 -0.0206629 -0.03 
5 5 5 1 -0.0206802 -0.03 
5 5 5 1 -0.0206975 -0.03 
5 5 5 1 -0.0207147 -0.03 
5 5 5 1 -0.020732 -0.03 
5 5 5 1 -0.0207493 -0.03 
5 5 5 2 -0.0207666 -0.03 
5 5 5 2 -0.0207838 -0.03 
5 5 5 2 -0.0208011 -0.03 
5 5 5 2 -0.0208184 -0.03 
5 5 5 2 -0.0208356 -0.03 
5 5 5 2 -0.0208529 -0.03 
5 5 5 2 -0.0208702 -0.03 
5 5 5 2 -0.0208874 -0.03 
5 5 5 2 -0.0209047 -0.03 
5 5 5 4 -0.020922 -0.03 
5 5 5 4 -0.0209392 -0.03 
5 5 5 4 -0.0209565 -0.03 
5 5 5 4 -0.0209738 -0.03 
5 5 5 4 -0.020991 -0.03 
5 5 5 4 -0.0210083 -0.03 
5 5 5 4 -0.0210256 -0.03 
5 5 5 4 -0.0210428 -0.03 
5 5 5 4 -0.0210601 -0.03 
5 5 5 4 -0.0210774 -0.03 
0 5 5 4 -0.0285125 -0.0285125 
0 5 5 4 -0.0270975 -0.0270975 
0 5 5 4 -0.0257551 -0.0257551 
0 5 5 5 -0.0244853 -0.0244853 
0 5 5 5 -0.023288 -0.023288 
0 5 5 5 -0.0221633 -0.0221633 
0 5 5 5 -0.0211111 -0.0211111 
0 5 5 5 -0.0201315 -0.0201315 
0 5 5 5 -0.0192245 -0.0192245 
0 5 5 5 -0.01839 -0.01839 
0 5 5 5 -0.0176281 -0.0176281 
0 5 5 5 -0.0169388 -0.0169388 
1 5 5 5 -0.016322 -0.016322 
1 5 5 5 -0.0157778 -0.0157778 
1 5 5 5 -0.0153061 -0.0153061 
1 5 5 5 -0.014907 -0.014907 
1 5 5 5 -0.0145805 -0.0145805 
1 5 5 5 -0.0143265 -0.0143265 
1 5 5 5 -0.0141451 -0.0141451 
1 5 5 5 -0.0140363 -0.0140363 
1 5 5 5 -0.014 -0.014 
2 5 5 5 -0.0157778 -0.0157778 
2 5 5 5 -0.0175556 -0.0175556 
2 5 5 5 -0.0193333 -0.0193333 
2 5 5 5 -0.0211111 -0.0211111 
2 5 5 5 -0.0228889 -0.0228889 
2 5 5 5 -0.0246667 -0.0246667 
2 5 5 5 -0.0264444 -0.0264444 
2 5 5 5 -0.0282222 -0.0282222 
2 5 5 5 -0.03 -0.03 
4 5 5 5 -0.03 -0.03 
4 5 5 5 -0.03 -0.03 
4 5 5 5 -0.03 -0.03 
4 5 5 5 -0.03 -0.03 
4 5 5 5 -0.03 -0.03 
4 5 5 5 -0.03 -0.03 
4 5 5 5 -0.03 -0.03 
4 5 5 5 -0.03 -0.03 
4 5 5 5 -0.03 -0.03 
4 5 5 5 -0.03 -0.03 
4 5 0 5 -0.0137216 -0.03 
4 5 0 5 -0.0137233 -0.03 
4 5 0 5 -0.013725 -0.03 
5 5 0 5 -0.0137268 -0.03 
5 5 0 5 -0.0137285 -0.03 
5 5 0 5 -0.0137302 -0.03 
5 5 0 5 -0.0137319 -0.03 
5 5 0 5 -0.0137337 -0.03 
5 5 0 5 -0.0137354 -0.03 
5 5 0 5 -0.0137371 -0.03 
5 5 0 5 -0.0137388 -0.03 
5 5 0 5 -0.0137406 -0.03 
5 5 1 5 -0.0137423 -0.03 
5 5 1 5 -0.013744 -0.03 
5 5 1 5 -0.0137457 -0.03 
5 5 1 5 -0.0137475 -0.03 
5 5 1 5 -0.0137492 -0.03 
5 5 1 5 -0.0137509 -0.03 
5 5 1 5 -0.0137526 -0.03 
5 5 1 5 -0.0137544 -0.03 
5 5 1 5 -0.0137561 -0.03 
5 5 2 5 -0.0137578 -0.03 
5 5 2 5 -0.0137595 -0.03 
5 5 2 5 -0.0137613 -0.03 
5 5 2 5 -0.013763 -0.03 
5 5 2 5 -0.0137647 -0.03 
5 5 2 5 -0.0137664 -0.03 
5 5 2 5 -0.0137682 -0.03 
5 5 2 5 -0.0137699 -0.03 
5 5 2 5 -0.0137716 -0.03 
5 5 4 5 -0.0137733 -0.03 
5 5 4 5 -0.0137751 -0.03 
5 5 4 5 -0.0137768 -0.03 
5 5 4 5 -0.0137785 -0.03 
5 5 4 5 -0.0137802 -0.03 
5 5 4 5 -0.013782 -0.03 
5 5 4 5 -0.0137837 -0.03 
5 5 4 5 -0.0137854 -0.03 
5 5 4 5 -0.0137871 -0.03 
5 5 4 5 -0.0137889 -0.03 
5 0 4 5 -0.00977533 -0.03 
5 0 4 5 -0.00977119 -0.03 
5 0 4 5 -0.00976705 -0.03 
5 0 5 5 -0.0097629 -0.03 
5 0 5 5 -0.00975876 -0.03 
5 0 5 5 -0.00975462 -0.03 
5 0 5 5 -0.00975047 -0.03 
5 0 5 5 -0.00974633 -0.03 
5 0 5 5 -0.00974219 -0.03 
5 0 5 5 -0.00973804 -0.03 
5 0 5 5 -0.0097339 -0.03 
5 0 5 5 -0.00972975 -0.03 
5 1 5 5 -0.00972561 -0.03 
5 1 5 5 -0.00972147 -0.03 
5 1 5 5 -0.00971732 -0.03 
5 1 5 5 -0.00971318 -0.03 
5 1 5 5 -0.00970904 -0.03 
5 1 5 5 -0.00970489 -0.03 
5 1 5 5 -0.00970075 -0.03 
5 1 5 5 -0.00969661 -0.03 
5 1 5 5 -0.00969246 -0.03 
5 2 5 5 -0.00968832 -0.03 
5 2 5 5 -0.00968418 -0.03 
5 2 5 5 -0.00968003 -0.03 
5 2 5 5 -0.00967589 -0.03 
5 2 5 5 -0.00967174 -0.03 
5 2 5 5 -0.0096676 -0.03 
5 2 5 5 -0.00966346 -0.03 
5 2 5 5 -0.00965931 -0.03 
5 2 5 5 -0.00965517 -0.03 
5 4 5 5 -0.00965103 -0.03 
5 4 5 5 -0.00964688 -0.03 
5 4 5 5 -0.00964274 -0.03 
5 4 5 5 -0.0096386 -0.03 
5 4 5 5 -0.00963445 -0.03 
5 4 5 5 -0.00963031 -0.03 
5 4 5 5 -0.00962617 -0.03 
5 4 5 5 -0.00962202 -0.03 
5 4 5 5 -0.00961788 -0.03 
5 4 5 5 -0.00961374 -0.03 
5 4 5 0 -0.0204039 -0.03 
5 4 5 0 -0.0204212 -0.03 
5 4 5 0 -0.0204385 -0.03 
5 5 5 0 -0.0204557 -0.03 
5 5 5 0 -0.020473 -0.03 
5 5 5 0 -0.0204903 -0.03 
5 5 5 0 -0.0205075 -0.03 
5 5 5 0 -0.0205248 -0.03 
5 5 5 0 -0.0205421 -0.03 
5 5 5 0 -0.0205593 -0.03 
5 5 5 0 -0.0205766 -0.03 
5 5 5 0 -0.0205939 -0.03 
5 5 5 1 -0.0206111 -0.03 
5 5 5 1 -0.0206284 -0.03 
5 5 5 1 -0.0206457 -0.03 
5 5 5 1 -0.0206629 -0.03 
5 5 5 1 -0.0206802 -0.03 
5 5 5 1 -0.0206975 -0.03 
5 5 5 1 -0.0207147 -0.03 
5 5 5 1 -0.020732 -0.03 
5 5 5 1 -0.0207493 -0.03 
5 5 5 2 -0.0207665 -0.03 
5 5 5 2 -0.0207838 -0.03 
5 5 5 2 -0.0208011 -0.03 
5 5 5 2 -0.0208183 -0.03 
5 5 5 2 -0.0208356 -0.03 
5 5 5 2 -0.0208529 -0.03 
5 5 5 2 -0.0208701 -0.03 
5 5 5 2 -0.0208874 -0.03 
5 5 5 2 -0.0209047 -0.03 
5 5 5 4 -0.020922 -0.03 
5 5 5 4 -0.0209392 -0.03 
5 5 5 4 -0.0209565 -0.03 
5 5 5 4 -0.0209738 -0.03 
5 5 5 4 -0.020991 -0.03 
5 5 5 4 -0.0210083 -0.03 
5 5 5 4 -0.0210256 -0.03 
5 5 5 4 -0.0210428 -0.03 
5 5 5 4 -0.0210601 -0.03 
5 5 5 4 -0.0210774 -0.03 
0 5 5 4 -0.0285125 -0.0285125 
0 5 5 4 -0.0270975 -0.0270975 
0 5 5 4 -0.0257551 -0.0257551 
0 5 5 5 -0.0244853 -0.0244853 
0 5 5 5 -0.023288 -0.023288 
0 5 5 5 -0.0221633 -0.0221633 
0 5 5 5 -0.0211111 -0.0211111 
0 5 5 5 -0.0201315 -0.0201315 
0 5 5 5 -0.0192245 -0.0192245 
0 5 5 5 -0.01839 -0.01839 
0 5 5 5 -0.0176281 -0.0176281 
0 5 5 5 -0.0169388 -0.0169388 
1 5 5 5 -0.016322 -0.016322 
1 5 5 5 -0.0157778 -0.0157778 
1 5 5 5 -0.0153061 -0.0153061 
1 5 5 5 -0.014907 -0.014907 
1 5 5 5 -0.0145805 -0.0145805 
1 5 5 5 -0.0143265 -0.0143265 
1 5 5 5 -0.0141451 -0.0141451 
1 5 5 5 -0.0140363 -0.0140363 
1 5 5 5 -0.014 -0.014 
2 5 5 5 -0.0157778 -0.0157778 
2 5 5 5 -0.0175556 -0.0175556 
2 5 5 5 -0.0193333 -0.0193333 
2 5 5 5 -0.0211111 -0.0211111 
2 5 5 5 -0.0228889 -0.0228889 
2 5 5 5 -0.0246667 -0.0246667 
2 5 5 5 -0.0264444 -0.0264444 
2 5 5 5 -0.0282222 -0.0282222 
2 5 5 5 -0.03 -0.03 
4 5 5 5 -0.03 -0.03 
4 5 5 5 -0.03 -0.03 
4 5 5 5 -0.03 -0.03 
4 5 5 5 -0.03 -0.03 
4 5 5 5 -0.03 -0.03 
4 5 5 5 -0.03 -0.03 
4 5 5 5 -0.03 -0.03 
4 5 5 5 -0.03 -0.03 
4 5 5 5 -0.03 -0.03 
4 5 5 5 -0.03 -0.03 
4 5 0 5 -0.0137216 -0.03 
4 5 0 5 -0.0137233 -0.03 
4 5 0 5 -0.013725 -0.03 
5 5 0 5 -0.0137268 -0.03 
5 5 0 5 -0.0137285 -0.03 
5 5 0 5 -0.0137302 -0.03 
5 5 0 5 -0.0137319 -0.03 
5 5 0 5 -0.0137337 -0.03 
5 5 0 5 -0.0137354 -0.03 
5 5 0 5 -0.0137371 -0.03 
5 5 0 5 -0.0137388 -0.03 
5 5 0 5 -0.0137406 -0.03 
5 5 1 5 -0.0137423 -0.03 
5 5 1 5 -0.013744 -0.03 
5 5 1 5 -0.0137457 -0.03 
5 5 1 5 -0.0137475 -0.03 
5 5 1 5 -0.0137492 -0.03 
5 5 1 5 -0.0137509 -0.03 
5 5 1 5 -0.0137526 -0.03 
5 5 1 5 -0.0137544 -0.03 
5 5 1 5 -0.0137561 -0.03 
5 5 2 5 -0.0137578 -0.03 
5 5 2 5 -0.0137595 -0.03 
5 5 2 5 -0.0137613 -0.03 
5 5 2 5 -0.013763 -0.03 
5 5 2 5 -0.0137647 -0.03 
5 5 2 5 -0.0137664 -0.03 
5 5 2 5 -0.0137682 -0.03 
5 5 2 5 -0.0137699 -0.03 
5 5 2 5 -0.0137716 -0.03 
5 5 4 5 -0.0137733 -0.03 
5 5 4 5 -0.0137751 -0.03 
5 5 4 5 -0.0137768 -0.03 
5 5 4 5 -0.0137785 -0.03 
5 5 4 5 -0.0137802 -0.03 
5 5 4 5 -0.013782 -0.03 
5 5 4 5 -0.0137837 -0.03 
5 5 4 5 -0.0137854 -0.03 
5 5 4 5 -0.0137871 -0.03 
5 5 4 5 -0.0137889 -0.03 
5 0 4 5 -0.00977534 -0.03 
5 0 4 5 -0.00977119 -0.03 
5 0 4 5 -0.00976705 -0.03 
5 0 5 5 -0.00976291 -0.03 
5 0 5 5 -0.00975876 -0.03 
5 0 5 5 -0.00975462 -0.03 
5 0 5 5 -0.00975048 -0.03 
5 0 5 5 -0.00974633 -0.03 
5 0 5 5 -0.00974219 -0.03 
5 0 5 5 -0.00973805 -0.03 
5 0 5 5 -0.0097339 -0.03 
5 0 5 5 -0.00972976 -0.03 
5 1 5 5 -0.00972562 -0.03 
5 1 5 5 -0.00972147 -0.03 
5 1 5 5 -0.00971733 -0.03 
5 1 5 5 -0.00971318 -0.03 
5 1 5 5 -0.00970904 -0.03 
5 1 5 5 -0.0097049 -0.03 
5 1 5 5 -0.00970075 -0.03 
5 1 5 5 -0.00969661 -0.03 
5 1 5 5 -0.00969247 -0.03 
5 2 5 5 -0.00968832 -0.03 
5 2 5 5 -0.00968418 -0.03 
5 2 5 5 -0.00968004 -0.03 
5 2 5 5 -0.00967589 -0.03 
5 2 5 5 -0.00967175 -0.03 
5 2 5 5 -0.00966761 -0.03 
5 2 5 5 -0.00966346 -0.03 
5 2 5 5 -0.00965932 -0.03 
5 2 5 5 -0.00965517 -0.03 
5 4 5 5 -0.00965103 -0.03 
5 4 5 5 -0.00964689 -0.03 
5 4 5 5 -0.00964274 -0.03 
5 4 5 5 -0.0096386 -0.03 
5 4 5 5 -0.00963446 -0.03 
5 4 5 5 -0.00963031 -0.03 
5 4 5 5 -0.00962617 -0.03 
5 4 5 5 -0.00962203 -0.03 
5 4 5 5 -0.00961788 -0.03 
5 4 5 5 -0.00961374 -0.03 
5 4 5 0 -0.0204039 -0.03 
5 4 5 0 -0.0204212 -0.03 
5 4 5 0 -0.0204385 -0.03 
5 5 5 0 -0.0204557 -0.03 
5 5 5 0 -0.020473 -0.03 
5 5 5 0 -0.0204903 -0.03 
5 5 5 0 -0.0205075 -0.03 
5 5 5 0 -0.0205248 -0.03 
5 5 5 0 -0.0205421 -0.03 
5 5 5 0 -0.0205593 -0.03 
5 5 5 0 -0.0205766 -0.03 
5 5 5 0 -0.0205939 -0.03 
5 5 5 1 -0.0206111 -0.03 
5 5 5 1 -0.0206284 -0.03 
5 5 5 1 -0.0206457 -0.03 
5 5 5 1 -0.0206629 -0.03 
5 5 5 1 -0.0206802 -0.03 
5 5 5 1 -0.0206975 -0.03 
5 5 5 1 -0.0207147 -0.03 
5 5 5 1 -0.020732 -0.03 
5 5 5 1 -0.0207493 -0.03 
5 5 5 2 -0.0207665 -0.03 
5 5 5 2 -0.0207838 -0.03 
5 5 5 2 -0.0208011 -0.03 
5 5 5 2 -0.0208183 -0.03 
5 5 5 2 -0.0208356 -0.03 
5 5 5 2 -0.0208529 -0.03 
5 5 5 2 -0.0208701 -0.03 
5 5 5 2 -0.0208874 -0.03 
5 5 5 2 -0.0209047 -0.03 
5 5 5 4 -0.0209219 -0.03 
5 5 5 4 -0.0209392 -0.03 
5 5 5 4 -0.0209565 -0.03 
5 5 5 4 -0.0209737 -0.03 
5 5 5 4 -0.020991 -0.03 
5 5 5 4 -0.0210083 -0.03 
5 5 5 4 -0.0210256 -0.03 
5 5 5 4 -0.0210428 -0.03 
5 5 5 4 -0.0210601 -0.03 
5 5 5 4 -0.0210774 -0.03 
0 5 5 4 -0.0285125 -0.0285125 
0 5 5 4 -0.0270975 -0.0270975 
0 5 5 4 -0.0257551 -0.0257551 
0 5 5 5 -0.0244853 -0.0244853 
0 5 5 5 -0.023288 -0.023288 
0 5 5 5 -0.0221633 -0.0221633 
0 5 5 5 -0.0211111 -0.0211111 
0 5 5 5 -0.0201315 -0.0201315 
0 5 5 5 -0.0192245 -0.0192245 
0 5 5 5 -0.01839 -0.01839 
0 5 5 5 -0.0176281 -0.0176281 
0 5 5 5 -0.0169388 -0.0169388 
1 5 5 5 -0.016322 -0.016322 
1 5 5 5 -0.0157778 -0.0157778 
1 5 5 5 -0.0153061 -0.0153061 
1 5 5 5 -0.014907 -0.014907 
1 5 5 5 -0.0145805 -0.0145805 
1 5 5 5 -0.0143265 -0.0143265 
1 5 5 5 -0.0141451 -0.0141451 
1 5 5 5 -0.0140363 -0.0140363 
1 5 5 5 -0.014 -0.014 
2 5 5 5 -0.0157778 -0.0157778 
2 5 5 5 -0.0175556 -0.0175556 
2 5 5 5 -0.0193333 -0.0193333 
2 5 5 5 -0.0211111 -0.0211111 
2 5 5 5 -0.0228889 -0.0228889 
2 5 5 5 -0.0246667 -0.0246667 
2 5 5 5 -0.0264444 -0.0264444 
2 5 5 5 -0.0282222 -0.0282222 
2 5 5 5 -0.03 -0.03 
4 5 5 5 -0.03 -0.03 
4 5 5 5 -0.03 -0.03 
4 5 5 5 -0.03 -0.03 
4 5 5 5 -0.03 -0.03 
4 5 5 5 -0.03 -0.03 
4 5 5 5 -0.03 -0.03 
4 5 5 5 -0.03 -0.03 
4 5 5 5 -0.03 -0.03 
4 5 5 5 -0.03 -0.03 
4 5 5 5 -0.03 -0.03 
4 5 0 5 -0.0137216 -0.03 
4 5 0 5 -0.0137233 -0.03 
4 5 0 5 -0.013725 -0.03 
5 5 0 5 -0.0137267 -0.03 
5 5 0 5 -0.0137285 -0.03 
5 5 0 5 -0.0137302 -0.03 
5 5 0 5 -0.0137319 -0.03 
5 5 0 5 -0.0137337 -0.03 
5 5 0 5 -0.0137354 -0.03 
5 5 0 5 -0.0137371 -0.03 
5 5 0 5 -0.0137388 -0.03 
5 5 0 5 -0.0137406 -0.03 
5 5 1 5 -0.0137423 -0.03 
5 5 1 5 -0.013744 -0.03 
5 5 1 5 -0.0137457 -0.03 
5 5 1 5 -0.0137475 -0.03 
5 5 1 5 -0.0137492 -0.03 
5 5 1 5 -0.0137509 -0.03 
5 5 1 5 -0.0137526 -0.03 
5 5 1 5 -0.0137544 -0.03 
5 5 1 5 -0.0137561 -0.03 
5 5 2 5 -0.0137578 -0.03 
5 5 2 5 -0.0137595 -0.03 
5 5 2 5 -0.0137613 -0.03 
5 5 2 5 -0.013763 -0.03 
5 5 2 5 -0.0137647 -0.03 
5 5 2 5 -0.0137664 -0.03 
5 5 2 5 -0.0137682 -0.03 
5 5 2 5 -0.0137699 -0.03 
5 5 2 5 -0.0137716 -0.03 
5 5 4 5 -0.0137733 -0.03 
5 5 4 5 -0.0137751 -0.03 
5 5 4 5 -0.0137768 -0.03 
5 5 4 5 -0.0137785 -0.03 
5 5 4 5 -0.0137802 -0.03 
5 5 4 5 -0.013782 -0.03 
5 5 4 5 -0.0137837 -0.03 
5 5 4 5 -0.0137854 -0.03 
5 5 4 5 -0.0137871 -0.03 
5 5 4 5 -0.0137889 -0.03 
5 0 4 5 -0.00977534 -0.03 
5 0 4 5 -0.0097712 -0.03 
5 0 4 5 -0.00976705 -0.03 
5 0 5 5 -0.00976291 -0.03 
5 0 5 5 -0.00975877 -0.03 
5 0 5 5 -0.00975462 -0.03 
5 0 5 5 -0.00975048 -0.03 
5 0 5 5 -0.00974634 -0.03 
5 0 5 5 -0.00974219 -0.03 
5 0 5 5 -0.00973805 -0.03 
5 0 5 5 -0.00973391 -0.03 
5 0 5 5 -0.00972976 -0.03 
5 1 5 5 -0.00972562 -0.03 
5 1 5 5 -0.00972148 -0.03 
5 1 5 5 -0.00971733 -0.03 
5 1 5 5 -0.00971319 -0.03 
5 1 5 5 -0.00970904 -0.03 
5 1 5 5 -0.0097049 -0.03 
5 1 5 5 -0.00970076 -0.03 
5 1 5 5 -0.00969661 -0.03 
5 1 5 5 -0.00969247 -0.03 
5 2 5 5 -0.00968833 -0.03 
5 2 5 5 -0.00968418 -0.03 
5 2 5 5 -0.00968004 -0.03 
5 2 5 5 -0.0096759 -0.03 
5 2 5 5 -0.00967175 -0.03 
5 2 5 5 -0.00966761 -0.03 
5 2 5 5 -0.00966347 -0.03 
5 2 5 5 -0.00965932 -0.03 
5 2 5 5 -0.00965518 -0.03 
5 4 5 5 -0.00965104 -0.03 
5 4 5 5 -0.00964689 -0.03 
5 4 5 5 -0.00964275 -0.03 
5 4 5 5 -0.0096386 -0.03 
5 4 5 5 -0.00963446 -0.03 
5 4 5 5 -0.00963032 -0.03 
5 4 5 5 -0.00962617 -0.03 
5 4 5 5 -0.00962203 -0.03 
5 4 5 5 -0.00961789 -0.03 
5 4 5 5 -0.00961374 -0.03 
5 4 5 0 -0.0204039 -0.03 
5 4 5 0 -0.0204212 -0.03 
5 4 5 0 -0.0204384 -0.03 
5 5 5 0 -0.0204557 -0.03 
5 5 5 0 -0.020473 -0.03 
5 5 5 0 -0.0204902 -0.03 
5 5 5 0 -0.0205075 -0.03 
5 5 5 0 -0.0205248 -0.03 
5 5 5 0 -0.0205421 -0.03 
5 5 5 0 -0.0205593 -0.03 
5 5 5 0 -0.0205766 -0.03 
5 5 5 0 -0.0205939 -0.03 
5 5 5 1 -0.0206111 -0.03 
5 5 5 1 -0.0206284 -0.03 
5 5 5 1 -0.0206457 -0.03 
5 5 5 1 -0.0206629 -0.03 
5 5 5 1 -0.0206802 -0.03 
5 5 5 1 -0.0206975 -0.03 
5 5 5 1 -0.0207147 -0.03 
5 5 5 1 -0.020732 -0.03 
5 5 5 1 -0.0207493 -0.03 
5 5 5 2 -0.0207665 -0.03 
5 5 5 2 -0.0207838 -0.03 
5 5 5 2 -0.0208011 -0.03 
5 5 5 2 -0.0208183 -0.03 
5 5 5 2 -0.0208356 -0.03 
5 5 5 2 -0.0208529 -0.03 
5 5 5 2 -0.0208701 -0.03 
5 5 5 2 -0.0208874 -0.03 
5 5 5 2 -0.0209047 -0.03 
5 5 5 4 -0.0209219 -0.03 
5 5 5 4 -0.0209392 -0.03 
5 5 5 4 -0.0209565 -0.03 
5 5 5 4 -0.0209737 -0.03 
5 5 5 4 -0.020991 -0.03 
5 5 5 4 -0.0210083 -0.03 
5 5 5 4 -0.0210255 -0.03 
5 5 5 4 -0.0210428 -0.03 
5 5 5 4 -0.0210601 -0.03 
5 5 5 4 -0.0210773 -0.03 
0 5 5 4 -0.0285125 -0.0285125 
0 5 5 4 -0.0270975 -0.0270975 
0 5 5 4 -0.0257551 -0.0257551 
0 5 5 5 -0.0244853 -0.0244853 
0 5 5 5 -0.023288 -0.023288 
0 5 5 5 -0.0221633 -0.0221633 
0 5 5 5 -0.0211111 -0.0211111 
0 5 5 5 -0.0201315 -0.0201315 
0 5 5 5 -0.0192245 -0.0192245 
0 5 5 5 -0.01839 -0.01839 
0 5 5 5 -0.0176281 -0.0176281 
0 5 5 5 -0.0169388 -0.0169388 
1 5 5 5 -0.016322 -0.016322 
1 5 5 5 -0.0157778 -0.0157778 
1 5 5 5 -0.0153061 -0.0153061 
1 5 5 5 -0.014907 -0.014907 
1 5 5 5 -0.0145805 -0.0145805 
1 5 5 5 -0.0143265 -0.0143265 
1 5 5 5 -0.0141451 -0.0141451 
1 5 5 5 -0.0140363 -0.0140363 
1 5 5 5 -0.014 -0.014 
2 5 5 5 -0.0157778 -0.0157778 
2 5 5 5 -0.0175556 -0.0175556 
2 5 5 5 -0.0193333 -0.0193333 
2 5 5 5 -0.0211111 -0.0211111 
2 5 5 5 -0.0228889 -0.0228889 
2 5 5 5 -0.0246667 -0.0246667 
2 5 5 5 -0.0264444 -0.0264444 
2 5 5 5 -0.0282222 -0.0282222 
2 5 5 5 -0.03 -0.03 
4 5 5 5 -0.03 -0.03 
4 5 5 5 -0.03 -0.03 
4 5 5 5 -0.03 -0.03 
4 5 5 5 -0.03 -0.03 
4 5 5 5 -0.03 -0.03 
4 5 5 5 -0.03 -0.03 
4 5 5 5 -0.03 -0.03 
4 5 5 5 -0.03 -0.03 
4 5 5 5 -0.03 -0.03 
4 5 5 5 -0.03 -0.03 
4 5 0 5 -0.0137216 -0.03 
4 5 0 5 -0.0137233 -0.03 
4 5 0 5 -0.013725 -0.03 
5 5 0 5 -0.0137267 -0.03 
5 5 0 5 -0.0137285 -0.03 
5 5 0 5 -0.0137302 -0.03 
5 5 0 5 -0.0137319 -0.03 
5 5 0 5 -0.0137336 -0.03 
5 5 0 5 -0.0137354 -0.03 
5 5 0 5 -0.0137371 -0.03 
5 5 0 5 -0.0137388 -0.03 
5 5 0 5 -0.0137405 -0.03 
5 5 1 5 -0.0137423 -0.03 
5 5 1 5 -0.013744 -0.03 
5 5 1 5 -0.0137457 -0.03 
5 5 1 5 -0.0137474 -0.03 
5 5 1 5 -0.0137492 -0.03 
5 5 1 5 -0.0137509 -0.03 
5 5 1 5 -0.0137526 -0.03 
5 5 1 5 -0.0137544 -0.03 
5 5 1 5 -0.0137561 -0.03 
5 5 2 5 -0.0137578 -0.03 
5 5 2 5 -0.0137595 -0.03 
5 5 2 5 -0.0137613 -0.03 
5 5 2 5 -0.013763 -0.03 
5 5 2 5 -0.0137647 -0.03 
5 5 2 5 -0.0137664 -0.03 
5 5 2 5 -0.0137682 -0.03 
5 5 2 5 -0.0137699 -0.03 
5 5 2 5 -0.0137716 -0.03 
5 5 4 5 -0.0137733 -0.03 
5 5 4 5 -0.0137751 -0.03 
5 5 4 5 -0.0137768 -0.03 
5 5 4 5 -0.0137785 -0.03 
5 5 4 5 -0.0137802 -0.03 
5 5 4 5 -0.013782 -0.03 
5 5 4 5 -0.0137837 -0.03 
5 5 4 5 -0.0137854 -0.03 
5 5 4 5 -0.0137871 -0.03 
5 5 4 5 -0.0137889 -0.03 
5 0 4 5 -0.00977535 -0.03 
5 0 4 5 -0.0097712 -0.03 
5 0 4 5 -0.00976706 -0.03 
5 0 5 5 -0.00976291 -0.03 
5 0 5 5 -0.00975877 -0.03 
5 0 5 5 -0.00975463 -0.03 
5 0 5 5 -0.00975048 -0.03 
5 0 5 5 -0.00974634 -0.03 
5 0 5 5 -0.0097422 -0.03 
5 0 5 5 -0.00973805 -0.03 
5 0 5 5 -0.00973391 -0.03 
5 0 5 5 -0.00972977 -0.03 
5 1 5 5 -0.00972562 -0.03 
5 1 5 5 -0.00972148 -0.03 
5 1 5 5 -0.00971734 -0.03 
5 1 5 5 -0.00971319 -0.03 
5 1 5 5 -0.00970905 -0.03 
5 1 5 5 -0.0097049 -0.03 
5 1 5 5 -0.00970076 -0.03 
5 1 5 5 -0.00969662 -0.03 
5 1 5 5 -0.00969247 -0.03 
5 2 5 5 -0.00968833 -0.03 
5 2 5 5 -0.00968419 -0.03 
5 2 5 5 -0.00968004 -0.03 
5 2 5 5 -0.0096759 -0.03 
5 2 5 5 -0.00967176 -0.03 
5 2 5 5 -0.00966761 -0.03 
5 2 5 5 -0.00966347 -0.03 
5 2 5 5 -0.00965933 -0.03 
5 2 5 5 -0.00965518 -0.03 
5 4 5 5 -0.00965104 -0.03 
5 4 5 5 -0.0096469 -0.03 
5 4 5 5 -0.00964275 -0.03 
5 4 5 5 -0.00963861 -0.03 
5 4 5 5 -0.00963446 -0.03 
5 4 5 5 -0.00963032 -0.03 
5 4 5 5 -0.00962618 -0.03 
5 4 5 5 -0.00962203 -0.03 
5 4 5 5 -0.00961789 -0.03 
5 4 5 5 -0.00961375 -0.03 
5 4 5 0 -0.0204039 -0.03 
5 4 5 0 -0.0204212 -0.03 
5 4 5 0 -0.0204384 -0.03 
5 5 5 0 -0.0204557 -0.03 
5 5 5 0 -0.020473 -0.03 
5 5 5 0 -0.0204902 -0.03 
5 5 5 0 -0.0205075 -0.03 
5 5 5 0 -0.0205248 -0.03 
5 5 5 0 -0.020542 -0.03 
5 5 5 0 -0.0205593 -0.03 
5 5 5 0 -0.0205766 -0.03 
5 5 5 0 -0.0205938 -0.03 
5 5 5 1 -0.0206111 -0.03 
5 5 5 1 -0.0206284 -0.03 
5 5 5 1 -0.0206457 -0.03 
5 5 5 1 -0.0206629 -0.03 
5 5 5 1 -0.0206802 -0.03 
5 5 5 1 -0.0206975 -0.03 
5 5 5 1 -0.0207147 -0.03 
5 5 5 1 -0.020732 -0.03 
5 5 5 1 -0.0207493 -0.03 
5 5 5 2 -0.0207665 -0.03 
5 5 5 2 -0.0207838 -0.03 
5 5 5 2 -0.0208011 -0.03 
5 5 5 2 -0.0208183 -0.03 
5 5 5 2 -0.0208356 -0.03 
5 5 5 2 -0.0208529 -0.03 
5 5 5 2 -0.0208701 -0.03 
5 5 5 2 -0.0208874 -0.03 
5 5 5 2 -0.0209047 -0.03 
5 5 5 4 -0.0209219 -0.03 
5 5 5 4 -0.0209392 -0.03 
5 5 5 4 -0.0209565 -0.03 
5 5 5 4 -0.0209737 -0.03 
5 5 5 4 -0.020991 -0.03 
5 5 5 4 -0.0210083 -0.03 
5 5 5 4 -0.0210255 -0.03 
5 5 5 4 -0.0210428 -0.03 
5 5 5 4 -0.0210601 -0.03 
5 5 5 4 -0.0210773 -0.03 
0 5 5 4 -0.0285125 -0.0285125 
0 5 5 4 -0.0270975 -0.0270975 
0 5 5 4 -0.0257551 -0.0257551 
0 5 5 5 -0.0244853 -0.0244853 
0 5 5 5 -0.023288 -0.023288 
0 5 5 5 -0.0221633 -0.0221633 
0 5 5 5 -0.0211111 -0.0211111 
0 5 5 5 -0.0201315 -0.0201315 
0 5 5 5 -0.0192245 -0.0192245 
0 5 5 5 -0.01839 -0.01839 
0 5 5 5 -0.0176281 -0.0176281 
0 5 5 5 -0.0169388 -0.0169388 
1 5 5 5 -0.016322 -0.016322 
1 5 5 5 -0.0157778 -0.0157778 
1 5 5 5 -0.0153061 -0.0153061 
1 5 5 5 -0.014907 -0.014907 
1 5 5 5 -0.0145805 -0.0145805 
1 5 5 5 -0.0143265 -0.0143265 
1 5 5 5 -0.0141451 -0.0141451 
1 5 5 5 -0.0140363 -0.0140363 
1 5 5 5 -0.014 -0.014 
2 5 5 5 -0.0157778 -0.0157778 
2 5 5 5 -0.0175556 -0.0175556 
2 5 5 5 -0.0193333 -0.0193333 
2 5 5 5 -0.0211111 -0.0211111 
2 5 5 5 -0.0228889 -0.0228889 
2 5 5 5 -0.0246667 -0.0246667 
2 5 5 5 -0.0264444 -0.0264444 
2 5 5 5 -0.0282222 -0.0282222 
2 5 5 5 -0.03 -0.03 
4 5 5 5 -0.03 -0.03 
4 5 5 5 -0.03 -0.03 
4 5 5 5 -0.03 -0.03 
4 5 5 5 -0.03 -0.03 
4 5 5 5 -0.03 -0.03 
4 5 5 5 -0.03 -0.03 
4 5 5 5 -0.03 -0.03 
4 5 5 5 -0.03 -0.03 
4 5 5 5 -0.03 -0.03 
4 5 5 5 -0.03 -0.03 
4 5 0 5 -0.0137216 -0.03 
4 5 0 5 -0.0137233 -0.03 
4 5 0 5 -0.013725 -0.03 
5 5 0 5 -0.0137267 -0.03 
5 5 0 5 -0.0137285 -0.03 
5 5 0 5 -0.0137302 -0.03 
5 5 0 5 -0.0137319 -0.03 
5 5 0 5 -0.0137336 -0.03 
5 5 0 5 -0.0137354 -0.03 
5 5 0 5 -0.0137371 -0.03 
5 5 0 5 -0.0137388 -0.03 
5 5 0 5 -0.0137405 -0.03 
5 5 1 5 -0.0137423 -0.03 
5 5 1 5 -0.013744 -0.03 
5 5 1 5 -0.0137457 -0.03 
5 5 1 5 -0.0137474 -0.03 
5 5 1 5 -0.0137492 -0.03 
5 5 1 5 -0.0137509 -0.03 
5 5 1 5 -0.0137526 -0.03 
5 5 1 5 -0.0137544 -0.03 
5 5 1 5 -0.0137561 -0.03 
5 5 2 5 -0.0137578 -0.03 
5 5 2 5 -0.0137595 -0.03 
5 5 2 5 -0.0137613 -0.03 
5 5 2 5 -0.013763 -0.03 
5 5 2 5 -0.0137647 -0.03 
5 5 2 5 -0.0137664 -0.03 
5 5 2 5 -0.0137682 -0.03 
5 5 2 5 -0.0137699 -0.03 
5 5 2 5 -0.0137716 -0.03 
5 5 4 5 -0.0137733 -0.03 
5 5 4 5 -0.0137751 -0.03 
5 5 4 5 -0.0137768 -0.03 
5 5 4 5 -0.0137785 -0.03 
5 5 4 5 -0.0137802 -0.03 
5 5 4 5 -0.013782 -0.03 
5 5 4 5 -0.0137837 -0.03 
5 5 4 5 -0.0137854 -0.03 
5 5 4 5 -0.0137871 -0.03 
5 5 4 5 -0.0137889 -0.03 
5 0 4 5 -0.00977535 -0.03 
5 0 4 5 -0.00977121 -0.03 
5 0 4 5 -0.00976706 -0.03 
5 0 5 5 -0.00976292 -0.03 
5 0 5 5 -0.00975878 -0.03 
5 0 5 5 -0.00975463 -0.03 
5 0 5 5 -0.00975049 -0.03 
5 0 5 5 -0.00974634 -0.03 
5 0 5 5 -0.0097422 -0.03 
5 0 5 5 -0.00973806 -0.03 
5 0 5 5 -0.00973391 -0.03 
5 0 5 5 -0.00972977 -0.03 
5 1 5 5 -0.00972563 -0.03 
5 1 5 5 -0.00972148 -0.03 
5 1 5 5 -0.00971734 -0.03 
5 1 5 5 -0.0097132 -0.03 
5 1 5 5 -0.00970905 -0.03 
5 1 5 5 -0.00970491 -0.03 
5 1 5 5 -0.00970077 -0.03 
5 1 5 5 -0.00969662 -0.03 
5 1 5 5 -0.00969248 -0.03 
5 2 5 5 -0.00968834 -0.03 
5 2 5 5 -0.00968419 -0.03 
5 2 5 5 -0.00968005 -0.03 
5 2 5 5 -0.00967591 -0.03 
5 2 5 5 -0.00967176 -0.03 
5 2 5 5 -0.00966762 -0.03 
5 2 5 5 -0.00966347 -0.03 
5 2 5 5 -0.00965933 -0.03 
5 2 5 5 -0.00965519 -0.03 
5 4 5 5 -0.00965104 -0.03 
5 4 5 5 -0.0096469 -0.03 
5 4 5 5 -0.00964276 -0.03 
5 4 5 5 -0.00963861 -0.03 
5 4 5 5 -0.00963447 -0.03 
5 4 5 5 -0.00963033 -0.03 
5 4 5 5 -0.00962618 -0.03 
5 4 5 5 -0.00962204 -0.03 
5 4 5 5 -0.00961789 -0.03 
5 4 5 5 -0.00961375 -0.03 
5 4 5 0 -0.0204039 -0.03 
5 4 5 0 -0.0204212 -0.03 
5 4 5 0 -0.0204384 -0.03 
5 5 5 0 -0.0204557 -0.03 
5 5 5 0 -0.020473 -0.03 
5 5 5 0 -0.0204902 -0.03 
5 5 5 0 -0.0205075 -0.03 
5 5 5 0 -0.0205248 -0.03 
5 5 5 0 -0.020542 -0.03 
5 5 5 0 -0.0205593 -0.03 
5 5 5 0 -0.0205766 -0.03 
5 5 5 0 -0.0205938 -0.03 
5 5 5 1 -0.0206111 -0.03 
5 5 5 1 -0.0206284 -0.03 
5 5 5 1 -0.0206456 -0.03 
5 5 5 1 -0.0206629 -0.03 
5 5 5 1 -0.0206802 -0.03 
5 5 5 1 -0.0206974 -0.03 
5 5 5 1 -0.0207147 -0.03 
5 5 5 1 -0.020732 -0.03 
5 5 5 1 -0.0207492 -0.03 
5 5 5 2 -0.0207665 -0.03 
5 5 5 2 -0.0207838 -0.03 
5 5 5 2 -0.0208011 -0.03 
5 5 5 2 -0.0208183 -0.03 
5 5 5 2 -0.0208356 -0.03 
5 5 5 2 -0.0208529 -0.03 
5 5 5 2 -0.0208701 -0.03 
5 5 5 2 -0.0208874 -0.03 
5 5 5 2 -0.0209047 -0.03 
5 5 5 4 -0.0209219 -0.03 
5 5 5 4 -0.0209392 -0.03 
5 5 5 4 -0.0209565 -0.03 
5 5 5 4 -0.0209737 -0.03 
5 5 5 4 -0.020991 -0.03 
5 5 5 4 -0.0210083 -0.03 
5 5 5 4 -0.0210255 -0.03 
5 5 5 4 -0.0210428 -0.03 
5 5 5 4 -0.0210601 -0.03 
5 5 5 4 -0.0210773 -0.03 
0 5 5 4 -0.0285125 -0.0285125 
0 5 5 4 -0.0270975 -0.0270975 
0 5 5 4 -0.0257551 -0.0257551 
0 5 5 5 -0.0244853 -0.0244853 
0 5 5 5 -0.023288 -0.023288 
0 5 5 5 -0.0221633 -0.0221633 
0 5 5 5 -0.0211111 -0.0211111 
0 5 5 5 -0.0201315 -0.0201315 
0 5 5 5 -0.0192245 -0.0192245 
0 5 5 5 -0.01839 -0.01839 
0 5 5 5 -0.0176281 -0.0176281 
0 5 5 5 -0.0169388 -0.0169388 
1 5 5 5 -0.016322 -0.016322 
1 5 5 5 -0.0157778 -0.0157778 
1 5 5 5 -0.0153061 -0.0153061 
1 5 5 5 -0.014907 -0.014907 
1 5 5 5 -0.0145805 -0.0145805 
1 5 5 5 -0.0143265 -0.0143265 
1 5 5 5 -0.0141451 -0.0141451 
1 5 5 5 -0.0140363 -0.0140363 
1 5 5 5 -0.014 -0.014 
2 5 5 5 -0.0157778 -0.0157778 
2 5 5 5 -0.0175556 -0.0175556 
2 5 5 5 -0.0193333 -0.0193333 
2 5 5 5 -0.0211111 -0.0211111 
2 5 5 5 -0.0228889 -0.0228889 
2 5 5 5 -0.0246667 -0.0246667 
2 5 5 5 -0.0264444 -0.0264444 
2 5 5 5 -0.0282222 -0.0282222 
2 5 5 5 -0.03 -0.03 
4 5 5 5 -0.03 -0.03 
4 5 5 5 -0.03 -0.03 
4 5 5 5 -0.03 -0.03 
4 5 5 5 -0.03 -0.03 
4 5 5 5 -0.03 -0.03 
4 5 5 5 -0.03 -0.03 
4 5 5 5 -0.03 -0.03 
4 5 5 5 -0.03 -0.03 
4 5 5 5 -0.03 -0.03 
4 5 5 5 -0.03 -0.03 
4 5 0 5 -0.0137216 -0.03 
4 5 0 5 -0.0137233 -0.03 
4 5 0 5 -0.013725 -0.03 
5 5 0 5 -0.0137267 -0.03 
5 5 0 5 -0.0137285 -0.03 
5 5 0 5 -0.0137302 -0.03 
5 5 0 5 -0.0137319 -0.03 
5 5 0 5 -0.0137336 -0.03 
5 5 0 5 -0.0137354 -0.03 
5 5 0 5 -0.0137371 -0.03 
5 5 0 5 -0.0137388 -0.03 
5 5 0 5 -0.0137405 -0.03 
5 5 1 5 -0.0137423 -0.03 
5 5 1 5 -0.013744 -0.03 
5 5 1 5 -0.0137457 -0.03 
5 5 1 5 -0.0137474 -0.03 
5 5 1 5 -0.0137492 -0.03 
5 5 1 5 -0.0137509 -0.03 
5 5 1 5 -0.0137526 -0.03 
5 5 1 5 -0.0137543 -0.03 
5 5 1 5 -0.0137561 -0.03 
5 5 2 5 -0.0137578 -0.03 
5 5 2 5 -0.0137595 -0.03 
5 5 2 5 -0.0137612 -0.03 
5 5 2 5 -0.013763 -0.03 
5 5 2 5 -0.0137647 -0.03 
5 5 2 5 -0.0137664 -0.03 
5 5 2 5 -0.0137681 -0.03 
5 5 2 5 -0.0137699 -0.03 
5 5 2 5 -0.0137716 -0.03 
5 5 4 5 -0.0137733 -0.03 
5 5 4 5 -0.0137751 -0.03 
5 5 4 5 -0.0137768 -0.03 
5 5 4 5 -0.0137785 -0.03 
5 5 4 5 -0.0137802 -0.03 
5 5 4 5 -0.013782 -0.03 
5 5 4 5 -0.0137837 -0.03 
5 5 4 5 -0.0137854 -0.03 
5 5 4 5 -0.0137871 -0.03 
5 5 4 5 -0.0137889 -0.03 
5 0 4 5 -0.00977535 -0.03 
5 0 4 5 -0.00977121 -0.03 
5 0 4 5 -0.00976707 -0.03 
5 0 5 5 -0.00976292 -0.03 
5 0 5 5 -0.00975878 -0.03 
5 0 5 5 -0.00975464 -0.03 
5 0 5 5 -0.00975049 -0.03 
5 0 5 5 -0.00974635 -0.03 
5 0 5 5 -0.00974221 -0.03 
5 0 5 5 -0.00973806 -0.03 
5 0 5 5 -0.00973392 -0.03 
5 0 5 5 -0.00972977 -0.03 
5 1 5 5 -0.00972563 -0.03 
5 1 5 5 -0.00972149 -0.03 
5 1 5 5 -0.00971734 -0.03 
5 1 5 5 -0.0097132 -0.03 
5 1 5 5 -0.00970906 -0.03 
5 1 5 5 -0.00970491 -0.03 
5 1 5 5 -0.00970077 -0.03 
5 1 5 5 -0.00969663 -0.03 
5 1 5 5 -0.00969248 -0.03 
5 2 5 5 -0.00968834 -0.03 
5 2 5 5 -0.0096842 -0.03 
5 2 5 5 -0.00968005 -0.03 
5 2 5 5 -0.00967591 -0.03 
5 2 5 5 -0.00967177 -0.03 
5 2 5 5 -0.00966762 -0.03 
5 2 5 5 -0.00966348 -0.03 
5 2 5 5 -0.00965934 -0.03 
5 2 5 5 -0.00965519 -0.03 
5 4 5 5 -0.00965105 -0.03 
5 4 5 5 -0.0096469 -0.03 
5 4 5 5 -0.00964276 -0.03 
5 4 5 5 -0.00963862 -0.03 
5 4 5 5 -0.00963447 -0.03 
5 4 5 5 -0.00963033 -0.03 
5 4 5 5 -0.00962619 -0.03 
5 4 5 5 -0.00962204 -0.03 
5 4 5 5 -0.0096179 -0.03 
5 4 5 5 -0.00961376 -0.03 
5 4 5 0 -0.0204039 -0.03 
5 4 5 0 -0.0204212 -0.03 
5 4 5 0 -0.0204384 -0.03 
5 5 5 0 -0.0204557 -0.03 
5 5 5 0 -0.020473 -0.03 
5 5 5 0 -0.0204902 -0.03 
5 5 5 0 -0.0205075 -0.03 
5 5 5 0 -0.0205248 -0.03 
5 5 5 0 -0.020542 -0.03 
5 5 5 0 -0.0205593 -0.03 
5 5 5 0 -0.0205766 -0.03 
5 5 5 0 -0.0205938 -0.03 
5 5 5 1 -0.0206111 -0.03 
5 5 5 1 -0.0206284 -0.03 
5 5 5 1 -0.0206456 -0.03 
5 5 5 1 -0.0206629 -0.03 
5 5 5 1 -0.0206802 -0.03 
5 5 5 1 -0.0206974 -0.03 
5 5 5 1 -0.0207147 -0.03 
5 5 5 1 -0.020732 -0.03 
5 5 5 1 -0.0207492 -0.03 
5 5 5 2 -0.0207665 -0.03 
5 5 5 2 -0.0207838 -0.03 
5 5 5 2 -0.020801 -0.03 
5 5 5 2 -0.0208183 -0.03 
5 5 5 2 -0.0208356 -0.03 
5 5 5 2 -0.0208528 -0.03 
5 5 5 2 -0.0208701 -0.03 
5 5 5 2 -0.0208874 -0.03 
5 5 5 2 -0.0209047 -0.03 
5 5 5 4 -0.0209219 -0.03 
5 5 5 4 -0.0209392 -0.03 
5 5 5 4 -0.0209565 -0.03 
5 5 5 4 -0.0209737 -0.03 
5 5 5 4 -0.020991 -0.03 
5 5 5 4 -0.0210083 -0.03 
5 5 5 4 -0.0210255 -0.03 
5 5 5 4 -0.0210428 -0.03 
5 5 5 4 -0.0210601 -0.03 
5 5 5 4 -0.0210773 -0.03 
0 5 5 4 -0.0285125 -0.0285125 
0 5 5 4 -0.0270975 -0.0270975 
0 5 5 4 -0.0257551 -0.0257551 
0 5 5 5 -0.0244853 -0.0244853 
0 5 5 5 -0.023288 -0.023288 
0 5 5 5 -0.0221633 -0.0221633 
0 5 5 5 -0.0211111 -0.0211111 
0 5 5 5 -0.0201315 -0.0201315 
0 5 5 5 -0.0192245 -0.0192245 
0 5 5 5 -0.01839 -0.01839 
0 5 5 5 -0.0176281 -0.0176281 
0 5 5 5 -0.0169388 -0.0169388 
1 5 5 5 -0.016322 -0.016322 
1 5 5 5 -0.0157778 -0.0157778 
1 5 5 5 -0.0153061 -0.0153061 
1 5 5 5 -0.014907 -0.014907 
1 5 5 5 -0.0145805 -0.0145805 
1 5 5 5 -0.0143265 -0.0143265 
1 5 5 5 -0.0141451 -0.0141451 
1 5 5 5 -0.0140363 -0.0140363 
1 5 5 5 -0.014 -0.014 
2 5 5 5 -0.0157778 -0.0157778 
2 5 5 5 -0.0175556 -0.0175556 
2 5 5 5 -0.0193333 -0.0193333 
2 5 5 5 -0.0211111 -0.0211111 
2 5 5 5 -0.0228889 -0.0228889 
2 5 5 5 -0.0246667 -0.0246667 
2 5 5 5 -0.0264444 -0.0264444 
2 5 5 5 -0.0282222 -0.0282222 
2 5 5 5 -0.03 -0.03 
4 5 5 5 -0.03 -0.03 
4 5 5 5 -0.03 -0.03 
4 5 5 5 -0.03 -0.03 
4 5 5 5 -0.03 -0.03 
4 5 5 5 -0.03 -0.03 
4 5 5 5 -0.03 -0.03 
4 5 5 5 -0.03 -0.03 
4 5 5 5 -0.03 -0.03 
4 5 5 5 -0.03 -0.03 
4 5 5 5 -0.03 -0.03 
4 5 0 5 -0.0137216 -0.03 
4 5 0 5 -0.0137233 -0.03 
4 5 0 5 -0.013725 -0.03 
5 5 0 5 -0.0137267 -0.03 
5 5 0 5 -0.0137285 -0.03 
5 5 0 5 -0.0137302 -0.03 
5 5 0 5 -0.0137319 -0.03 
5 5 0 5 -0.0137336 -0.03 
5 5 0 5 -0.0137354 -0.03 
5 5 0 5 -0.0137371 -0.03 
5 5 0 5 -0.0137388 -0.03 
5 5 0 5 -0.0137405 -0.03 
5 5 1 5 -0.0137423 -0.03 
5 5 1 5 -0.013744 -0.03 
5 5 1 5 -0.0137457 -0.03 
5 5 1 5 -0.0137474 -0.03 
5 5 1 5 -0.0137492 -0.03 
5 5 1 5 -0.0137509 -0.03 
5 5 1 5 -0.0137526 -0.03 
5 5 1 5 -0.0137543 -0.03 
5 5 1 5 -0.0137561 -0.03 
5 5 2 5 -0.0137578 -0.03 
5 5 2 5 -0.0137595 -0.03 
5 5 2 5 -0.0137612 -0.03 
5 5 2 5 -0.013763 -0.03 
5 5 2 5 -0.0137647 -0.03 
5 5 2 5 -0.0137664 -0.03 
5 5 2 5 -0.0137681 -0.03 
5 5 2 5 -0.0137699 -0.03 
5 5 2 5 -0.0137716 -0.03 
5 5 4 5 -0.0137733 -0.03 
5 5 4 5 -0.013775 -0.03 
5 5 4 5 -0.0137768 -0.03 
5 5 4 5 -0.0137785 -0.03 
5 5 4 5 -0.0137802 -0.03 
5 5 4 5 -0.0137819 -0.03 
5 5 4 5 -0.0137837 -0.03 
5 5 4 5 -0.0137854 -0.03 
5 5 4 5 -0.0137871 -0.03 
5 5 4 5 -0.0137889 -0.03 
5 0 4 5 -0.00977536 -0.03 
5 0 4 5 -0.00977121 -0.03 
5 0 4 5 -0.00976707 -0.03 
5 0 5 5 -0.00976293 -0.03 
5 0 5 5 -0.00975878 -0.03 
5 0 5 5 -0.00975464 -0.03 
5 0 5 5 -0.0097505 -0.03 
5 0 5 5 -0.00974635 -0.03 
5 0 5 5 -0.00974221 -0.03 
5 0 5 5 -0.00973807 -0.03 
5 0 5 5 -0.00973392 -0.03 
5 0 5 5 -0.00972978 -0.03 
5 1 5 5 -0.00972563 -0.03 
5 1 5 5 -0.00972149 -0.03 
5 1 5 5 -0.00971735 -0.03 
5 1 5 5 -0.0097132 -0.03 
5 1 5 5 -0.00970906 -0.03 
5 1 5 5 -0.00970492 -0.03 
5 1 5 5 -0.00970077 -0.03 
5 1 5 5 -0.00969663 -0.03 
5 1 5 5 -0.00969249 -0.03 
5 2 5 5 -0.00968834 -0.03 
5 2 5 5 -0.0096842 -0.03 
5 2 5 5 -0.00968006 -0.03 
5 2 5 5 -0.00967591 -0.03 
5 2 5 5 -0.00967177 -0.03 
5 2 5 5 -0.00966763 -0.03 
5 2 5 5 -0.00966348 -0.03 
5 2 5 5 -0.00965934 -0.03 
5 2 5 5 -0.0096552 -0.03 
5 4 5 5 -0.00965105 -0.03 
5 4 5 5 -0.00964691 -0.03 
5 4 5 5 -0.00964276 -0.03 
5 4 5 5 -0.00963862 -0.03 
5 4 5 5 -0.00963448 -0.03 
5 4 5 5 -0.00963033 -0.03 
5 4 5 5 -0.00962619 -0.03 
5 4 5 5 -0.00962205 -0.03 
5 4 5 5 -0.0096179 -0.03 
5 4 5 5 -0.00961376 -0.03 
5 4 5 0 -0.0204039 -0.03 
5 4 5 0 -0.0204212 -0.03 
5 4 5 0 -0.0204384 -0.03 
5 5 5 0 -0.0204557 -0.03 
5 5 5 0 -0.020473 -0.03 
5 5 5 0 -0.0204902 -0.03 
5 5 5 0 -0.0205075 -0.03 
5 5 5 0 -0.0205248 -0.03 
5 5 5 0 -0.020542 -0.03 
5 5 5 0 -0.0205593 -0.03 
5 5 5 0 -0.0205766 -0.03 
5 5 5 0 -0.0205938 -0.03 
5 5 5 1 -0.0206111 -0.03 
5 5 5 1 -0.0206284 -0.03 
5 5 5 1 -0.0206456 -0.03 
5 5 5 1 -0.0206629 -0.03 
5 5 5 1 -0.0206802 -0.03 
5 5 5 1 -0.0206974 -0.03 
5 5 5 1 -0.0207147 -0.03 
5 5 5 1 -0.020732 -0.03 
5 5 5 1 -0.0207492 -0.03 
5 5 5 2 -0.0207665 -0.03 
5 5 5 2 -0.0207838 -0.03 
5 5 5 2 -0.020801 -0.03 
5 5 5 2 -0.0208183 -0.03 
5 5 5 2 -0.0208356 -0.03 
5 5 5 2 -0.0208528 -0.03 
5 5 5 2 -0.0208701 -0.03 
5 5 5 2 -0.0208874 -0.03 
5 5 5 2 -0.0209046 -0.03 
5 5 5 4 -0.0209219 -0.03 
5 5 5 4 -0.0209392 -0.03 
5 5 5 4 -0.0209564 -0.03 
5 5 5 4 -0.0209737 -0.03 
5 5 5 4 -0.020991 -0.03 
5 5 5 4 -0.0210082 -0.03 
5 5 5 4 -0.0210255 -0.03 
5 5 5 4 -0.0210428 -0.03 
5 5 5 4 -0.0210601 -0.03 
5 5 5 4 -0.0210773 -0.03 
0 5 5 4 -0.0285125 -0.0285125 
0 5 5 4 -0.0270975 -0.0270975 
0 5 5 4 -0.0257551 -0.0257551 
0 5 5 5 -0.0244853 -0.0244853 
0 5 5 5 -0.023288 -0.023288 
0 5 5 5 -0.0221633 -0.0221633 
0 5 5 5 -0.0211111 -0.0211111 
0 5 5 5 -0.0201315 -0.0201315 
0 5 5 5 -0.0192245 -0.0192245 
0 5 5 5 -0.01839 -0.01839 
0 5 5 5 -0.0176281 -0.0176281 
0 5 5 5 -0.0169388 -0.0169388 
1 5 5 5 -0.016322 -0.016322 
1 5 5 5 -0.0157778 -0.0157778 
1 5 5 5 -0.0153061 -0.0153061 
1 5 5 5 -0.014907 -0.014907 
1 5 5 5 -0.0145805 -0.0145805 
1 5 5 5 -0.0143265 -0.0143265 
1 5 5 5 -0.0141451 -0.0141451 
1 5 5 5 -0.0140363 -0.0140363 
1 5 5 5 -0.014 -0.014 
2 5 5 5 -0.0157778 -0.0157778 
2 5 5 5 -0.0175556 -0.0175556 
2 5 5 5 -0.0193333 -0.0193333 
2 5 5 5 -0.0211111 -0.0211111 
2 5 5 5 -0.0228889 -0.0228889 
2 5 5 5 -0.0246667 -0.0246667 
2 5 5 5 -0.0264444 -0.0264444 
2 5 5 5 -0.0282222 -0.0282222 
2 5 5 5 -0.03 -0.03 
4 5 5 5 -0.03 -0.03 
4 5 5 5 -0.03 -0.03 
4 5 5 5 -0.03 -0.03 
4 5 5 5 -0.03 -0.03 
4 5 5 5 -0.03 -0.03 
4 5 5 5 -0.03 -0.03 
4 5 5 5 -0.03 -0.03 
4 5 5 5 -0.03 -0.03 
4 5 5 5 -0.03 -0.03 
4 5 5 5 -0.03 -0.03 
4 5 0 5 -0.0137216 -0.03 
4 5 0 5 -0.0137233 -0.03 
4 5 0 5 -0.013725 -0.03 
5 5 0 5 -0.0137267 -0.03 
5 5 0 5 -0.0137285 -0.03 
5 5 0 5 -0.0137302 -0.03 
5 5 0 5 -0.0137319 -0.03 
5 5 0 5 -0.0137336 -0.03 
5 5 0 5 -0.0137354 -0.03 
5 5 0 5 -0.0137371 -0.03 
5 5 0 5 -0.0137388 -0.03 
5 5 0 5 -0.0137405 -0.03 
5 5 1 5 -0.0137423 -0.03 
5 5 1 5 -0.013744 -0.03 
5 5 1 5 -0.0137457 -0.03 
5 5 1 5 -0.0137474 -0.03 
5 5 1 5 -0.0137492 -0.03 
5 5 1 5 -0.0137509 -0.03 
5 5 1 5 -0.0137526 -0.03 
5 5 1 5 -0.0137543 -0.03 
5 5 1 5 -0.0137561 -0.03 
5 5 2 5 -0.0137578 -0.03 
5 5 2 5 -0.0137595 -0.03 
5 5 2 5 -0.0137612 -0.03 
5 5 2 5 -0.013763 -0.03 
5 5 2 5 -0.0137647 -0.03 
5 5 2 5 -0.0137664 -0.03 
5 5 2 5 -0.0137681 -0.03 
5 5 2 5 -0.0137699 -0.03 
5 5 2 5 -0.0137716 -0.03 
5 5 4 5 -0.0137733 -0.03 
5 5 4 5 -0.013775 -0.03 
5 5 4 5 -0.0137768 -0.03 
5 5 4 5 -0.0137785 -0.03 
5 5 4 5 -0.0137802 -0.03 
5 5 4 5 -0.0137819 -0.03 
5 5 4 5 -0.0137837 -0.03 
5 5 4 5 -0.0137854 -0.03 
5 5 4 5 -0.0137871 -0.03 
5 5 4 5 -0.0137889 -0.03 
5 0 4 5 -0.00977536 -0.03 
5 0 4 5 -0.00977122 -0.03 
5 0 4 5 -0.00976708 -0.03 
5 0 5 5 -0.00976293 -0.03 
5 0 5 5 -0.00975879 -0.03 
5 0 5 5 -0.00975464 -0.03 
5 0 5 5 -0.0097505 -0.03 
5 0 5 5 -0.00974636 -0.03 
5 0 5 5 -0.00974221 -0.03 
5 0 5 5 -0.00973807 -0.03 
5 0 5 5 -0.00973393 -0.03 
5 0 5 5 -0.00972978 -0.03 
5 1 5 5 -0.00972564 -0.03 
5 1 5 5 -0.0097215 -0.03 
5 1 5 5 -0.00971735 -0.03 
5 1 5 5 -0.00971321 -0.03 
5 1 5 5 -0.00970906 -0.03 
5 1 5 5 -0.00970492 -0.03 
5 1 5 5 -0.00970078 -0.03 
5 1 5 5 -0.00969663 -0.03 
5 1 5 5 -0.00969249 -0.03 
5 2 5 5 -0.00968835 -0.03 
5 2 5 5 -0.0096842 -0.03 
5 2 5 5 -0.00968006 -0.03 
5 2 5 5 -0.00967592 -0.03 
5 2 5 5 -0.00967177 -0.03 
5 2 5 5 -0.00966763 -0.03 
5 2 5 5 -0.00966349 -0.03 
5 2 5 5 -0.00965934 -0.03 
5 2 5 5 -0.0096552 -0.03 
5 4 5 5 -0.00965106 -0.03 
5 4 5 5 -0.00964691 -0.03 
5 4 5 5 -0.00964277 -0.03 
5 4 5 5 -0.00963863 -0.03 
5 4 5 5 -0.00963448 -0.03 
5 4 5 5 -0.00963034 -0.03 
5 4 5 5 -0.00962619 -0.03 
5 4 5 5 -0.00962205 -0.03 
5 4 5 5 -0.00961791 -0.03 
5 4 5 5 -0.00961376 -0.03 
5 4 5 0 -0.0204039 -0.03 
5 4 5 0 -0.0204211 -0.03 
5 4 5 0 -0.0204384 -0.03 
5 5 5 0 -0.0204557 -0.03 
5 5 5 0 -0.0204729 -0.03 
5 5 5 0 -0.0204902 -0.03 
5 5 5 0 -0.0205075 -0.03 
5 5 5 0 -0.0205247 -0.03 
5 5 5 0 -0.020542 -0.03 
5 5 5 0 -0.0205593 -0.03 
5 5 5 0 -0.0205766 -0.03 
5 5 5 0 -0.0205938 -0.03 
5 5 5 1 -0.0206111 -0.03 
5 5 5 1 -0.0206284 -0.03 
5 5 5 1 -0.0206456 -0.03 
5 5 5 1 -0.0206629 -0.03 
5 5 5 1 -0.0206802 -0.03 
5 5 5 1 -0.0206974 -0.03 
5 5 5 1 -0.0207147 -0.03 
5 5 5 1 -0.020732 -0.03 
5 5 5 1 -0.0207492 -0.03 
5 5 5 2 -0.0207665 -0.03 
5 5 5 2 -0.0207838 -0.03 
5 5 5 2 -0.020801 -0.03 
5 5 5 2 -0.0208183 -0.03 
5 5 5 2 -0.0208356 -0.03 
5 5 5 2 -0.0208528 -0.03 
5 5 5 2 -0.0208701 -0.03 
5 5 5 2 -0.0208874 -0.03 
5 5 5 2 -0.0209046 -0.03 
5 5 5 4 -0.0209219 -0.03 
5 5 5 4 -0.0209392 -0.03 
5 5 5 4 -0.0209564 -0.03 
5 5 5 4 -0.0209737 -0.03 
5 5 5 4 -0.020991 -0.03 
5 5 5 4 -0.0210082 -0.03 
5 5 5 4 -0.0210255 -0.03 
5 5 5 4 -0.0210428 -0.03 
5 5 5 4 -0.02106 -0.03 
5 5 5 4 -0.0210773 -0.03 
0 5 5 4 -0.0285125 -0.0285125 
0 5 5 4 -0.0270975 -0.0270975 
0 5 5 4 -0.0257551 -0.0257551 
0 5 5 5 -0.0244853 -0.0244853 
0 5 5 5 -0.023288 -0.023288 
0 5 5 5 -0.0221633 -0.0221633 
0 5 5 5 -0.0211111 -0.0211111 
0 5 5 5 -0.0201315 -0.0201315 
0 5 5 5 -0.0192245 -0.0192245 
0 5 5 5 -0.01839 -0.01839 
0 5 5 5 -0.0176281 -0.0176281 
0 5 5 5 -0.0169388 -0.0169388 
1 5 5 5 -0.016322 -0.016322 
1 5 5 5 -0.0157778 -0.0157778 
1 5 5 5 -0.0153061 -0.0153061 
1 5 5 5 -0.014907 -0.014907 
1 5 5 5 -0.0145805 -0.0145805 
1 5 5 5 -0.0143265 -0.0143265 
1 5 5 5 -0.0141451 -0.0141451 
1 5 5 5 -0.0140363 -0.0140363 
1 5 5 5 -0.014 -0.014 
2 5 5 5 -0.0157778 -0.0157778 
2 5 5 5 -0.0175556 -0.0175556 
2 5 5 5 -0.0193333 -0.0193333 
2 5 5 5 -0.0211111 -0.0211111 
2 5 5 5 -0.0228889 -0.0228889 
2 5 5 5 -0.0246667 -0.0246667 
2 5 5 5 -0.0264444 -0.0264444 
2 5 5 5 -0.0282222 -0.0282222 
2 5 5 5 -0.03 -0.03 
4 5 5 5 -0.03 -0.03 
4 5 5 5 -0.03 -0.03 
4 5 5 5 -0.03 -0.03 
4 5 5 5 -0.03 -0.03 
4 5 5 5 -0.03 -0.03 
4 5 5 5 -0.03 -0.03 
4 5 5 5 -0.03 -0.03 
4 5 5 5 -0.03 -0.03 
4 5 5 5 -0.03 -0.03 
4 5 5 5 -0.03 -0.03 
4 5 0 5 -0.0137216 -0.03 
4 5 0 5 -0.0137233 -0.03 
4 5 0 5 -0.013725 -0.03 
5 5 0 5 -0.0137267 -0.03 
5 5 0 5 -0.0137285 -0.03 
5 5 0 5 -0.0137302 -0.03 
5 5 0 5 -0.0137319 -0.03 
5 5 0 5 -0.0137336 -0.03 
5 5 0 5 -0.0137354 -0.03 
5 5 0 5 -0.0137371 -0.03 
5 5 0 5 -0.0137388 -0.03 
5 5 0 5 -0.0137405 -0.03 
5 5 1 5 -0.0137423 -0.03 
5 5 1 5 -0.013744 -0.03 
5 5 1 5 -0.0137457 -0.03 
5 5 1 5 -0.0137474 -0.03 
5 5 1 5 -0.0137492 -0.03 
5 5 1 5 -0.0137509 -0.03 
5 5 1 5 -0.0137526 -0.03 
5 5 1 5 -0.0137543 -0.03 
5 5 1 5 -0.0137561 -0.03 
5 5 2 5 -0.0137578 -0.03 
5 5 2 5 -0.0137595 -0.03 
5 5 2 5 -0.0137612 -0.03 
5 5 2 5 -0.013763 -0.03 
5 5 2 5 -0.0137647 -0.03 
5 5 2 5 -0.0137664 -0.03 
5 5 2 5 -0.0137681 -0.03 
5 5 2 5 -0.0137699 -0.03 
5 5 2 5 -0.0137716 -0.03 
5 5 4 5 -0.0137733 -0.03 
5 5 4 5 -0.013775 -0.03 
5 5 4 5 -0.0137768 -0.03 
5 5 4 5 -0.0137785 -0.03 
5 5 4 5 -0.0137802 -0.03 
5 5 4 5 -0.0137819 -0.03 
5 5 4 5 -0.0137837 -0.03 
5 5 4 5 -0.0137854 -0.03 
5 5 4 5 -0.0137871 -0.03 
5 5 4 5 -0.0137888 -0.03 
5 0 4 5 -0.00977537 -0.03 
5 0 4 5 -0.00977122 -0.03 
5 0 4 5 -0.00976708 -0.03 
5 0 5 5 -0.00976294 -0.03 
5 0 5 5 -0.00975879 -0.03 
5 0 5 5 -0.00975465 -0.03 
5 0 5 5 -0.0097505 -0.03 
5 0 5 5 -0.00974636 -0.03 
5 0 5 5 -0.00974222 -0.03 
5 0 5 5 -0.00973807 -0.03 
5 0 5 5 -0.00973393 -0.03 
5 0 5 5 -0.00972979 -0.03 
5 1 5 5 -0.00972564 -0.03 
5 1 5 5 -0.0097215 -0.03 
5 1 5 5 -0.00971736 -0.03 
5 1 5 5 -0.00971321 -0.03 
5 1 5 5 -0.00970907 -0.03 
5 1 5 5 -0.00970493 -0.03 
5 1 5 5 -0.00970078 -0.03 
5 1 5 5 -0.00969664 -0.03 
5 1 5 5 -0.0096925 -0.03 
5 2 5 5 -0.00968835 -0.03 
5 2 5 5 -0.00968421 -0.03 
5 2 5 5 -0.00968006 -0.03 
5 2 5 5 -0.00967592 -0.03 
5 2 5 5 -0.00967178 -0.03 
5 2 5 5 -0.00966763 -0.03 
5 2 5 5 -0.00966349 -0.03 
5 2 5 5 -0.00965935 -0.03 
5 2 5 5 -0.0096552 -0.03 
5 4 5 5 -0.00965106 -0.03 
5 4 5 5 -0.00964692 -0.03 
5 4 5 5 -0.00964277 -0.03 
5 4 5 5 -0.00963863 -0.03 
5 4 5 5 -0.00963449 -0.03 
5 4 5 5 -0.00963034 -0.03 
5 4 5 5 -0.0096262 -0.03 
5 4 5 5 -0.00962206 -0.03 
5 4 5 5 -0.00961791 -0.03 
5 4 5 5 -0.00961377 -0.03 
5 4 5 0 -0.0204039 -0.03 
5 4 5 0 -0.0204211 -0.03 
5 4 5 0 -0.0204384 -0.03 
5 5 5 0 -0.0204557 -0.03 
5 5 5 0 -0.0204729 -0.03 
5 5 5 0 -0.0204902 -0.03 
5 5 5 0 -0.0205075 -0.03 
5 5 5 0 -0.0205247 -0.03 
5 5 5 0 -0.020542 -0.03 
5 5 5 0 -0.0205593 -0.03 
5 5 5 0 -0.0205765 -0.03 
5 5 5 0 -0.0205938 -0.03 
5 5 5 1 -0.0206111 -0.03 
5 5 5 1 -0.0206283 -0.03 
5 5 5 1 -0.0206456 -0.03 
5 5 5 1 -0.0206629 -0.03 
5 5 5 1 -0.0206802 -0.03 
5 5 5 1 -0.0206974 -0.03 
5 5 5 1 -0.0207147 -0.03 
5 5 5 1 -0.020732 -0.03 
5 5 5 1 -0.0207492 -0.03 
5 5 5 2 -0.0207665 -0.03 
5 5 5 2 -0.0207838 -0.03 
5 5 5 2 -0.020801 -0.03 
5 5 5 2 -0.0208183 -0.03 
5 5 5 2 -0.0208356 -0.03 
5 5 5 2 -0.0208528 -0.03 
5 5 5 2 -0.0208701 -0.03 
5 5 5 2 -0.0208874 -0.03 
5 5 5 2 -0.0209046 -0.03 
5 5 5 4 -0.0209219 -0.03 
5 5 5 4 -0.0209392 -0.03 
5 5 5 4 -0.0209564 -0.03 
5 5 5 4 -0.0209737 -0.03 
5 5 5 4 -0.020991 -0.03 
5 5 5 4 -0.0210082 -0.03 
5 5 5 4 -0.0210255 -0.03 
5 5 5 4 -0.0210428 -0.03 
5 5 5 4 -0.02106 -0.03 
5 5 5 4 -0.0210773 -0.03 
0 5 5 4 -0.0285125 -0.0285125 
0 5 5 4 -0.0270975 -0.0270975 
0 5 5 4 -0.0257551 -0.0257551 
0 5 5 5 -0.0244853 -0.0244853 
0 5 5 5 -0.023288 -0.023288 
0 5 5 5 -0.0221633 -0.0221633 
0 5 5 5 -0.0211111 -0.0211111 
0 5 5 5 -0.0201315 -0.0201315 
0 5 5 5 -0.0192245 -0.0192245 
0 5 5 5 -0.01839 -0.01839 
0 5 5 5 -0.0176281 -0.0176281 
0 5 5 5 -0.0169388 -0.0169388 
1 5 5 5 -0.016322 -0.016322 
1 5 5 5 -0.0157778 -0.0157778 
1 5 5 5 -0.0153061 -0.0153061 
1 5 5 5 -0.014907 -0.014907 
1 5 5 5 -0.0145805 -0.0145805 
1 5 5 5 -0.0143265 -0.0143265 
1 5 5 5 -0.0141451 -0.0141451 
1 5 5 5 -0.0140363 -0.0140363 
1 5 5 5 -0.014 -0.014 
2 5 5 5 -0.0157778 -0.0157778 
2 5 5 5 -0.0175556 -0.0175556 
2 5 5 5 -0.0193333 -0.0193333 
2 5 5 5 -0.0211111 -0.0211111 
2 5 5 5 -0.0228889 -0.0228889 
2 5 5 5 -0.0246667 -0.0246667 
2 5 5 5 -0.0264444 -0.0264444 
2 5 5 5 -0.0282222 -0.0282222 
2 5 5 5 -0.03 -0.03 
4 5 5 5 -0.03 -0.03 
4 5 5 5 -0.03 -0.03 
4 5 5 5 -0.03 -0.03 
4 5 5 5 -0.03 -0.03 
4 5 5 5 -0.03 -0.03 
4 5 5 5 -0.03 -0.03 
4 5 5 5 -0.03 -0.03 
4 5 5 5 -0.03 -0.03 
4 5 5 5 -0.03 -0.03 
4 5 5 5 -0.03 -0.03 
4 5 0 5 -0.0137216 -0.03 
4 5 0 5 -0.0137233 -0.03 
4 5 0 5 -0.013725 -0.03 
5 5 0 5 -0.0137267 -0.03 
5 5 0 5 -0.0137285 -0.03 
5 5 0 5 -0.0137302 -0.03 
5 5 0 5 -0.0137319 -0.03 
5 5 0 5 -0.0137336 -0.03 
5 5 0 5 -0.0137354 -0.03 
5 5 0 5 -0.0137371 -0.03 
5 5 0 5 -0.0137388 -0.03 
5 5 0 5 -0.0137405 -0.03 
5 5 1 5 -0.0137423 -0.03 
5 5 1 5 -0.013744 -0.03 
5 5 1 5 -0.0137457 -0.03 
5 5 1 5 -0.0137474 -0.03 
5 5 1 5 -0.0137492 -0.03 
5 5 1 5 -0.0137509 -0.03 
5 5 1 5 -0.0137526 -0.03 
5 5 1 5 -0.0137543 -0.03 
5 5 1 5 -0.0137561 -0.03 
5 5 2 5 -0.0137578 -0.03 
5 5 2 5 -0.0137595 -0.03 
5 5 2 5 -0.0137612 -0.03 
5 5 2 5 -0.013763 -0.03 
5 5 2 5 -0.0137647 -0.03 
5 5 2 5 -0.0137664 -0.03 
5 5 2 5 -0.0137681 -0.03 
5 5 2 5 -0.0137699 -0.03 
5 5 2 5 -0.0137716 -0.03 
5 5 4 5 -0.0137733 -0.03 
5 5 4 5 -0.013775 -0.03 
5 5 4 5 -0.0137768 -0.03 
5 5 4 5 -0.0137785 -0.03 
5 5 4 5 -0.0137802 -0.03 
5 5 4 5 -0.0137819 -0.03 
5 5 4 5 -0.0137837 -0.03 
5 5 4 5 -0.0137854 -0.03 
5 5 4 5 -0.0137871 -0.03 
5 5 4 5 -0.0137888 -0.03 
5 0 4 5 -0.00977537 -0.03 
5 0 4 5 -0.00977123 -0.03 
5 0 4 5 -0.00976708 -0.03 
5 0 5 5 -0.00976294 -0.03 
5 0 5 5 -0.0097588 -0.03 
5 0 5 5 -0.00975465 -0.03 
5 0 5 5 -0.00975051 -0.03 
5 0 5 5 -0.00974637 -0.03 
5 0 5 5 -0.00974222 -0.03 
5 0 5 5 -0.00973808 -0.03 
5 0 5 5 -0.00973393 -0.03 
5 0 5 5 -0.00972979 -0.03 
5 1 5 5 -0.00972565 -0.03 
5 1 5 5 -0.0097215 -0.03 
5 1 5 5 -0.00971736 -0.03 
5 1 5 5 -0.00971322 -0.03 
5 1 5 5 -0.00970907 -0.03 
5 1 5 5 -0.00970493 -0.03 
5 1 5 5 -0.00970079 -0.03 
5 1 5 5 -0.00969664 -0.03 
5 1 5 5 -0.0096925 -0.03 
5 2 5 5 -0.00968836 -0.03 
5 2 5 5 -0.00968421 -0.03 
5 2 5 5 -0.00968007 -0.03 
5 2 5 5 -0.00967593 -0.03 
5 2 5 5 -0.00967178 -0.03 
5 2 5 5 -0.00966764 -0.03 
5 2 5 5 -0.00966349 -0.03 
5 2 5 5 -0.00965935 -0.03 
5 2 5 5 -0.00965521 -0.03 
5 4 5 5 -0.00965106 -0.03 
5 4 5 5 -0.00964692 -0.03 
5 4 5 5 -0.00964278 -0.03 
5 4 5 5 -0.00963863 -0.03 
5 4 5 5 -0.00963449 -0.03 
5 4 5 5 -0.00963035 -0.03 
5 4 5 5 -0.0096262 -0.03 
5 4 5 5 -0.00962206 -0.03 
5 4 5 5 -0.00961792 -0.03 
5 4 5 5 -0.00961377 -0.03 
5 4 5 0 -0.0204039 -0.03 
5 4 5 0 -0.0204211 -0.03 
5 4 5 0 -0.0204384 -0.03 
5 5 5 0 -0.0204557 -0.03 
5 5 5 0 -0.0204729 -0.03 
5 5 5 0 -0.0204902 -0.03 
5 5 5 0 -0.0205075 -0.03 
5 5 5 0 -0.0205247 -0.03 
5 5 5 0 -0.020542 -0.03 
5 5 5 0 -0.0205593 -0.03 
5 5 5 0 -0.0205765 -0.03 
5 5 5 0 -0.0205938 -0.03 
5 5 5 1 -0.0206111 -0.03 
5 5 5 1 -0.0206283 -0.03 
5 5 5 1 -0.0206456 -0.03 
5 5 5 1 -0.0206629 -0.03 
5 5 5 1 -0.0206801 -0.03 
5 5 5 1 -0.0206974 -0.03 
5 5 5 1 -0.0207147 -0.03 
5 5 5 1 -0.0207319 -0.03 
5 5 5 1 -0.0207492 -0.03 
5 5 5 2 -0.0207665 -0.03 
5 5 5 2 -0.0207838 -0.03 
5 5 5 2 -0.020801 -0.03 
5 5 5 2 -0.0208183 -0.03 
5 5 5 2 -0.0208356 -0.03 
5 5 5 2 -0.0208528 -0.03 
5 5 5 2 -0.0208701 -0.03 
5 5 5 2 -0.0208874 -0.03 
5 5 5 2 -0.0209046 -0.03 
5 5 5 4 -0.0209219 -0.03 
5 5 5 4 -0.0209392 -0.03 
5 5 5 4 -0.0209564 -0.03 
5 5 5 4 -0.0209737 -0.03 
5 5 5 4 -0.020991 -0.03 
5 5 5 4 -0.0210082 -0.03 
5 5 5 4 -0.0210255 -0.03 
5 5 5 4 -0.0210428 -0.03 
5 5 5 4 -0.02106 -0.03 
5 5 5 4 -0.0210773 -0.03 
0 5 5 4 -0.0285125 -0.0285125 
